rollout147_frame_0.npy 118 96 178.623999495 0.0484 
rollout147_frame_1.npy 118 96 178.623999495 0.0484 
rollout147_frame_2.npy 118 96 178.623999495 0.0484 
rollout147_frame_3.npy 118.0 96.0 178.623999495 0.0484 
rollout147_frame_4.npy 118.0 96.0 178.623999495 0.0484 
rollout147_frame_5.npy 118.0 96.0 178.623999495 0.0484 
rollout178_frame_0.npy 73 100 88.7324749589 0.0422 
rollout178_frame_1.npy 73 100 88.7324749589 0.0422 
rollout178_frame_2.npy 73 100 88.7324749589 0.0422 
rollout178_frame_3.npy 73.0 100.0 88.7324749589 0.0422 
rollout178_frame_4.npy 73.0 100.0 88.7324749589 0.0422 
rollout178_frame_5.npy 73.0 100.0 88.7324749589 0.0422 
rollout108_frame_0.npy 78 86 157.781349803 0.0144 
rollout108_frame_1.npy 78 86 157.781349803 0.0144 
rollout108_frame_2.npy 78 86 157.781349803 0.0144 
rollout108_frame_3.npy 78.0 86.0 157.781349803 0.0144 
rollout108_frame_4.npy 78.0 86.0 157.781349803 0.0144 
rollout108_frame_5.npy 78.0 86.0 157.781349803 0.0144 
rollout156_frame_0.npy 70 113 167.716555014 0.0122 
rollout156_frame_1.npy 70 113 167.716555014 0.0122 
rollout156_frame_2.npy 70 113 167.716555014 0.0122 
rollout156_frame_3.npy 70.0 113.0 167.716555014 0.0122 
rollout156_frame_4.npy 70.0 113.0 167.716555014 0.0122 
rollout156_frame_5.npy 70.0 113.0 167.716555014 0.0122 
rollout193_frame_0.npy 97 104 154.4543537 0.0248 
rollout193_frame_1.npy 97 104 154.4543537 0.0248 
rollout193_frame_2.npy 97 104 154.4543537 0.0248 
rollout193_frame_3.npy 97.0 104.0 154.4543537 0.0248 
rollout193_frame_4.npy 97.0 104.0 154.4543537 0.0248 
rollout193_frame_5.npy 97.0 104.0 154.4543537 0.0248 
rollout64_frame_0.npy 87 114 154.871687057 0.0597 
rollout64_frame_1.npy 87 114 154.871687057 0.0597 
rollout64_frame_2.npy 87 114 154.871687057 0.0597 
rollout64_frame_3.npy 87.0 114.0 154.871687057 0.0597 
rollout64_frame_4.npy 87.0 114.0 154.871687057 0.0597 
rollout64_frame_5.npy 87.0 114.0 154.871687057 0.0597 
rollout158_frame_0.npy 136 107 150.130688916 0.0208 
rollout158_frame_1.npy 136 107 150.130688916 0.0208 
rollout158_frame_2.npy 136 107 150.130688916 0.0208 
rollout158_frame_3.npy 136.0 107.0 150.130688916 0.0208 
rollout158_frame_4.npy 136.0 107.0 150.130688916 0.0208 
rollout158_frame_5.npy 136.0 107.0 150.130688916 0.0208 
rollout85_frame_0.npy 100 91 164.722982621 0.019 
rollout85_frame_1.npy 100 91 164.722982621 0.019 
rollout85_frame_2.npy 100 91 164.722982621 0.019 
rollout85_frame_3.npy 100.0 91.0 164.722982621 0.019 
rollout85_frame_4.npy 100.0 91.0 164.722982621 0.019 
rollout85_frame_5.npy 100.0 91.0 164.722982621 0.019 
rollout185_frame_0.npy 62 105 96.4846003161 0.0221 
rollout185_frame_1.npy 62 105 96.4846003161 0.0221 
rollout185_frame_2.npy 62 105 96.4846003161 0.0221 
rollout185_frame_3.npy 62.0 105.0 96.4846003161 0.0221 
rollout185_frame_4.npy 62.0 105.0 96.4846003161 0.0221 
rollout185_frame_5.npy 62.0 105.0 96.4846003161 0.0221 
rollout101_frame_0.npy 112 125 159.227656586 0.0213 
rollout101_frame_1.npy 112 125 159.227656586 0.0213 
rollout101_frame_2.npy 112 125 159.227656586 0.0213 
rollout101_frame_3.npy 112.0 125.0 159.227656586 0.0213 
rollout101_frame_4.npy 112.0 125.0 159.227656586 0.0213 
rollout101_frame_5.npy 112.0 125.0 159.227656586 0.0213 
rollout23_frame_0.npy 93 101 165.993553187 0.0142 
rollout23_frame_1.npy 93 101 165.993553187 0.0142 
rollout23_frame_2.npy 93 101 165.993553187 0.0142 
rollout23_frame_3.npy 93.0 101.0 165.993553187 0.0142 
rollout23_frame_4.npy 93.0 101.0 165.993553187 0.0142 
rollout23_frame_5.npy 93.0 101.0 165.993553187 0.0142 
rollout8_frame_0.npy 93 81 127.079305496 0.0578 
rollout8_frame_1.npy 93 81 127.079305496 0.0578 
rollout8_frame_2.npy 93 81 127.079305496 0.0578 
rollout8_frame_3.npy 93.0 81.0 127.079305496 0.0578 
rollout8_frame_4.npy 93.0 81.0 127.079305496 0.0578 
rollout8_frame_5.npy 93.0 81.0 127.079305496 0.0578 
rollout92_frame_0.npy 108 107 54.9266118925 0.0145 
rollout92_frame_1.npy 108 107 54.9266118925 0.0145 
rollout92_frame_2.npy 108 107 54.9266118925 0.0145 
rollout92_frame_3.npy 108.0 107.0 54.9266118925 0.0145 
rollout92_frame_4.npy 108.0 107.0 54.9266118925 0.0145 
rollout92_frame_5.npy 108.0 107.0 54.9266118925 0.0145 
rollout13_frame_0.npy 129 102 177.228457676 0.0626 
rollout13_frame_1.npy 129 102 177.228457676 0.0626 
rollout13_frame_2.npy 129 102 177.228457676 0.0626 
rollout13_frame_3.npy 129.0 102.0 177.228457676 0.0626 
rollout13_frame_4.npy 129.0 102.0 177.228457676 0.0626 
rollout13_frame_5.npy 129.0 102.0 177.228457676 0.0626 
rollout24_frame_0.npy 112 122 162.895987056 0.0302 
rollout24_frame_1.npy 112 122 162.895987056 0.0302 
rollout24_frame_2.npy 112 122 162.895987056 0.0302 
rollout24_frame_3.npy 112.0 122.0 162.895987056 0.0302 
rollout24_frame_4.npy 112.0 122.0 162.895987056 0.0302 
rollout24_frame_5.npy 112.0 122.0 162.895987056 0.0302 
rollout78_frame_0.npy 104 102 139.382934299 0.0387 
rollout78_frame_1.npy 104 102 139.382934299 0.0387 
rollout78_frame_2.npy 104 102 139.382934299 0.0387 
rollout78_frame_3.npy 104.0 102.0 139.382934299 0.0387 
rollout78_frame_4.npy 104.0 102.0 139.382934299 0.0387 
rollout78_frame_5.npy 104.0 102.0 139.382934299 0.0387 
rollout107_frame_0.npy 125 119 141.132702018 0.0296 
rollout107_frame_1.npy 125 119 141.132702018 0.0296 
rollout107_frame_2.npy 125 119 141.132702018 0.0296 
rollout107_frame_3.npy 125.0 119.0 141.132702018 0.0296 
rollout107_frame_4.npy 125.0 119.0 141.132702018 0.0296 
rollout107_frame_5.npy 125.0 119.0 141.132702018 0.0296 
rollout32_frame_0.npy 88 97 144.741409103 0.0207 
rollout32_frame_1.npy 88 97 144.741409103 0.0207 
rollout32_frame_2.npy 88 97 144.741409103 0.0207 
rollout32_frame_3.npy 88.0 97.0 144.741409103 0.0207 
rollout32_frame_4.npy 88.0 97.0 144.741409103 0.0207 
rollout32_frame_5.npy 88.0 97.0 144.741409103 0.0207 
rollout124_frame_0.npy 71 82 162.744978201 0.0404 
rollout124_frame_1.npy 71 82 162.744978201 0.0404 
rollout124_frame_2.npy 71 82 162.744978201 0.0404 
rollout124_frame_3.npy 71.0 82.0 162.744978201 0.0404 
rollout124_frame_4.npy 71.0 82.0 162.744978201 0.0404 
rollout124_frame_5.npy 71.0 82.0 162.744978201 0.0404 
rollout148_frame_0.npy 104 110 142.64289534 0.0576 
rollout148_frame_1.npy 104 110 142.64289534 0.0576 
rollout148_frame_2.npy 104 110 142.64289534 0.0576 
rollout148_frame_3.npy 104.0 110.0 142.64289534 0.0576 
rollout148_frame_4.npy 104.0 110.0 142.64289534 0.0576 
rollout148_frame_5.npy 104.0 110.0 142.64289534 0.0576 
rollout96_frame_0.npy 102 102 170.488502852 0.0458 
rollout96_frame_1.npy 102 102 170.488502852 0.0458 
rollout96_frame_2.npy 102 102 170.488502852 0.0458 
rollout96_frame_3.npy 102.0 102.0 170.488502852 0.0458 
rollout96_frame_4.npy 102.0 102.0 170.488502852 0.0458 
rollout96_frame_5.npy 102.0 102.0 170.488502852 0.0458 
rollout152_frame_0.npy 86 109 22.6453132591 0.0566 
rollout152_frame_1.npy 86 109 22.6453132591 0.0566 
rollout152_frame_2.npy 86 109 22.6453132591 0.0566 
rollout152_frame_3.npy 86.0 109.0 22.6453132591 0.0566 
rollout152_frame_4.npy 86.0 109.0 22.6453132591 0.0566 
rollout152_frame_5.npy 86.0 109.0 22.6453132591 0.0566 
rollout201_frame_0.npy 95 104 106.511630647 0.0271 
rollout201_frame_1.npy 95 104 106.511630647 0.0271 
rollout201_frame_2.npy 95 104 106.511630647 0.0271 
rollout201_frame_3.npy 95.0 104.0 106.511630647 0.0271 
rollout201_frame_4.npy 95.0 104.0 106.511630647 0.0271 
rollout201_frame_5.npy 95.0 104.0 106.511630647 0.0271 
rollout183_frame_0.npy 69 106 95.0312107629 0.0211 
rollout183_frame_1.npy 69 106 95.0312107629 0.0211 
rollout183_frame_2.npy 69 106 95.0312107629 0.0211 
rollout183_frame_3.npy 69.0 106.0 95.0312107629 0.0211 
rollout183_frame_4.npy 69.0 106.0 95.0312107629 0.0211 
rollout183_frame_5.npy 69.0 106.0 95.0312107629 0.0211 
rollout31_frame_0.npy 91 109 52.1883316321 0.0226 
rollout31_frame_1.npy 91 109 52.1883316321 0.0226 
rollout31_frame_2.npy 91 109 52.1883316321 0.0226 
rollout31_frame_3.npy 91.0 109.0 52.1883316321 0.0226 
rollout31_frame_4.npy 91.0 109.0 52.1883316321 0.0226 
rollout31_frame_5.npy 91.0 109.0 52.1883316321 0.0226 
rollout168_frame_0.npy 85 78 142.078414145 0.0127 
rollout168_frame_1.npy 85 78 142.078414145 0.0127 
rollout168_frame_2.npy 85 78 142.078414145 0.0127 
rollout168_frame_3.npy 85.0 78.0 142.078414145 0.0127 
rollout168_frame_4.npy 85.0 78.0 142.078414145 0.0127 
rollout168_frame_5.npy 85.0 78.0 142.078414145 0.0127 
rollout49_frame_0.npy 98 107 87.5970624684 0.0273 
rollout49_frame_1.npy 98 107 87.5970624684 0.0273 
rollout49_frame_2.npy 98 107 87.5970624684 0.0273 
rollout49_frame_3.npy 98.0 107.0 87.5970624684 0.0273 
rollout49_frame_4.npy 98.0 107.0 87.5970624684 0.0273 
rollout49_frame_5.npy 98.0 107.0 87.5970624684 0.0273 
rollout132_frame_0.npy 96 71 104.042083957 0.0142 
rollout132_frame_1.npy 96 71 104.042083957 0.0142 
rollout132_frame_2.npy 96 71 104.042083957 0.0142 
rollout132_frame_3.npy 96.0 71.0 104.042083957 0.0142 
rollout132_frame_4.npy 96.0 71.0 104.042083957 0.0142 
rollout132_frame_5.npy 96.0 71.0 104.042083957 0.0142 
rollout28_frame_0.npy 91 102 165.739672756 0.024 
rollout28_frame_1.npy 91 102 165.739672756 0.024 
rollout28_frame_2.npy 91 102 165.739672756 0.024 
rollout28_frame_3.npy 91.0 102.0 165.739672756 0.024 
rollout28_frame_4.npy 91.0 102.0 165.739672756 0.024 
rollout28_frame_5.npy 91.0 102.0 165.739672756 0.024 
rollout5_frame_0.npy 72 78 26.9417329402 0.054 
rollout5_frame_1.npy 72 78 26.9417329402 0.054 
rollout5_frame_2.npy 72 78 26.9417329402 0.054 
rollout5_frame_3.npy 72.0 78.0 26.9417329402 0.054 
rollout5_frame_4.npy 72.0 78.0 26.9417329402 0.054 
rollout5_frame_5.npy 72.0 78.0 26.9417329402 0.054 
rollout164_frame_0.npy 77 116 45.028542644 0.0146 
rollout164_frame_1.npy 77 116 45.028542644 0.0146 
rollout164_frame_2.npy 77 116 45.028542644 0.0146 
rollout164_frame_3.npy 77.0 116.0 45.028542644 0.0146 
rollout164_frame_4.npy 77.0 116.0 45.028542644 0.0146 
rollout164_frame_5.npy 77.0 116.0 45.028542644 0.0146 
rollout180_frame_0.npy 116 85 131.055043541 0.027 
rollout180_frame_1.npy 116 85 131.055043541 0.027 
rollout180_frame_2.npy 116 85 131.055043541 0.027 
rollout180_frame_3.npy 116.0 85.0 131.055043541 0.027 
rollout180_frame_4.npy 116.0 85.0 131.055043541 0.027 
rollout180_frame_5.npy 116.0 85.0 131.055043541 0.027 
rollout149_frame_0.npy 105 108 142.121678229 0.0597 
rollout149_frame_1.npy 105 108 142.121678229 0.0597 
rollout149_frame_2.npy 105 108 142.121678229 0.0597 
rollout149_frame_3.npy 105.0 108.0 142.121678229 0.0597 
rollout149_frame_4.npy 105.0 108.0 142.121678229 0.0597 
rollout149_frame_5.npy 105.0 108.0 142.121678229 0.0597 
rollout130_frame_0.npy 63 89 146.820023556 0.0262 
rollout130_frame_1.npy 63 89 146.820023556 0.0262 
rollout130_frame_2.npy 63 89 146.820023556 0.0262 
rollout130_frame_3.npy 63.0 89.0 146.820023556 0.0262 
rollout130_frame_4.npy 63.0 89.0 146.820023556 0.0262 
rollout130_frame_5.npy 63.0 89.0 146.820023556 0.0262 
rollout87_frame_0.npy 103 96 158.571456238 0.0172 
rollout87_frame_1.npy 103 96 158.571456238 0.0172 
rollout87_frame_2.npy 103 96 158.571456238 0.0172 
rollout87_frame_3.npy 103.0 96.0 158.571456238 0.0172 
rollout87_frame_4.npy 103.0 96.0 158.571456238 0.0172 
rollout87_frame_5.npy 103.0 96.0 158.571456238 0.0172 
rollout74_frame_0.npy 91 118 130.711181886 0.0425 
rollout74_frame_1.npy 91 118 130.711181886 0.0425 
rollout74_frame_2.npy 91 118 130.711181886 0.0425 
rollout74_frame_3.npy 91.0 118.0 130.711181886 0.0425 
rollout74_frame_4.npy 91.0 118.0 130.711181886 0.0425 
rollout74_frame_5.npy 91.0 118.0 130.711181886 0.0425 
rollout16_frame_0.npy 86 75 97.5460050302 0.0404 
rollout16_frame_1.npy 86 75 97.5460050302 0.0404 
rollout16_frame_2.npy 86 75 97.5460050302 0.0404 
rollout16_frame_3.npy 86.0 75.0 97.5460050302 0.0404 
rollout16_frame_4.npy 86.0 75.0 97.5460050302 0.0404 
rollout16_frame_5.npy 86.0 75.0 97.5460050302 0.0404 
rollout137_frame_0.npy 128 110 156.894854149 0.0417 
rollout137_frame_1.npy 128 110 156.894854149 0.0417 
rollout137_frame_2.npy 128 110 156.894854149 0.0417 
rollout137_frame_3.npy 128.0 110.0 156.894854149 0.0417 
rollout137_frame_4.npy 128.0 110.0 156.894854149 0.0417 
rollout137_frame_5.npy 128.0 110.0 156.894854149 0.0417 
rollout3_frame_0.npy 134 100 118.175579275 0.0434 
rollout3_frame_1.npy 134 100 118.175579275 0.0434 
rollout3_frame_2.npy 134 100 118.175579275 0.0434 
rollout3_frame_3.npy 134.0 100.0 118.175579275 0.0434 
rollout3_frame_4.npy 134.0 100.0 118.175579275 0.0434 
rollout3_frame_5.npy 134.0 100.0 118.175579275 0.0434 
rollout187_frame_0.npy 84 85 92.8266012046 0.0238 
rollout187_frame_1.npy 84 85 92.8266012046 0.0238 
rollout187_frame_2.npy 84 85 92.8266012046 0.0238 
rollout187_frame_3.npy 84.0 85.0 92.8266012046 0.0238 
rollout187_frame_4.npy 84.0 85.0 92.8266012046 0.0238 
rollout187_frame_5.npy 84.0 85.0 92.8266012046 0.0238 
rollout65_frame_0.npy 99 93 102.032520888 0.0467 
rollout65_frame_1.npy 99 93 102.032520888 0.0467 
rollout65_frame_2.npy 99 93 102.032520888 0.0467 
rollout65_frame_3.npy 99.0 93.0 102.032520888 0.0467 
rollout65_frame_4.npy 99.0 93.0 102.032520888 0.0467 
rollout65_frame_5.npy 99.0 93.0 102.032520888 0.0467 
rollout36_frame_0.npy 88 88 156.14600769 0.025 
rollout36_frame_1.npy 88 88 156.14600769 0.025 
rollout36_frame_2.npy 88 88 156.14600769 0.025 
rollout36_frame_3.npy 88.0 88.0 156.14600769 0.025 
rollout36_frame_4.npy 88.0 88.0 156.14600769 0.025 
rollout36_frame_5.npy 88.0 88.0 156.14600769 0.025 
rollout125_frame_0.npy 83 142 48.6981312096 0.0266 
rollout125_frame_1.npy 83 142 48.6981312096 0.0266 
rollout125_frame_2.npy 83 142 48.6981312096 0.0266 
rollout125_frame_3.npy 83.0 142.0 48.6981312096 0.0266 
rollout125_frame_4.npy 83.0 142.0 48.6981312096 0.0266 
rollout125_frame_5.npy 83.0 142.0 48.6981312096 0.0266 
rollout188_frame_0.npy 116 103 132.703315733 0.0507 
rollout188_frame_1.npy 116 103 132.703315733 0.0507 
rollout188_frame_2.npy 116 103 132.703315733 0.0507 
rollout188_frame_3.npy 116.0 103.0 132.703315733 0.0507 
rollout188_frame_4.npy 116.0 103.0 132.703315733 0.0507 
rollout188_frame_5.npy 116.0 103.0 132.703315733 0.0507 
rollout88_frame_0.npy 88 92 39.257009556 0.0168 
rollout88_frame_1.npy 88 92 39.257009556 0.0168 
rollout88_frame_2.npy 88 92 39.257009556 0.0168 
rollout88_frame_3.npy 88.0 92.0 39.257009556 0.0168 
rollout88_frame_4.npy 88.0 92.0 39.257009556 0.0168 
rollout88_frame_5.npy 88.0 92.0 39.257009556 0.0168 
rollout51_frame_0.npy 103 104 18.6590737884 0.0261 
rollout51_frame_1.npy 103 104 18.6590737884 0.0261 
rollout51_frame_2.npy 103 104 18.6590737884 0.0261 
rollout51_frame_3.npy 103.0 104.0 18.6590737884 0.0261 
rollout51_frame_4.npy 103.0 104.0 18.6590737884 0.0261 
rollout51_frame_5.npy 103.0 104.0 18.6590737884 0.0261 
rollout112_frame_0.npy 122 122 137.115760419 0.0137 
rollout112_frame_1.npy 122 122 137.115760419 0.0137 
rollout112_frame_2.npy 122 122 137.115760419 0.0137 
rollout112_frame_3.npy 122.0 122.0 137.115760419 0.0137 
rollout112_frame_4.npy 122.0 122.0 137.115760419 0.0137 
rollout112_frame_5.npy 122.0 122.0 137.115760419 0.0137 
rollout176_frame_0.npy 99 121 69.9827581402 0.025 
rollout176_frame_1.npy 99 121 69.9827581402 0.025 
rollout176_frame_2.npy 99 121 69.9827581402 0.025 
rollout176_frame_3.npy 99.0 121.0 69.9827581402 0.025 
rollout176_frame_4.npy 99.0 121.0 69.9827581402 0.025 
rollout176_frame_5.npy 99.0 121.0 69.9827581402 0.025 
rollout97_frame_0.npy 105 89 154.898175335 0.0153 
rollout97_frame_1.npy 105 89 154.898175335 0.0153 
rollout97_frame_2.npy 105 89 154.898175335 0.0153 
rollout97_frame_3.npy 105.0 89.0 154.898175335 0.0153 
rollout97_frame_4.npy 105.0 89.0 154.898175335 0.0153 
rollout97_frame_5.npy 105.0 89.0 154.898175335 0.0153 
rollout33_frame_0.npy 100 105 148.214458555 0.0125 
rollout33_frame_1.npy 100 105 148.214458555 0.0125 
rollout33_frame_2.npy 100 105 148.214458555 0.0125 
rollout33_frame_3.npy 100.0 105.0 148.214458555 0.0125 
rollout33_frame_4.npy 100.0 105.0 148.214458555 0.0125 
rollout33_frame_5.npy 100.0 105.0 148.214458555 0.0125 
rollout150_frame_0.npy 102 90 33.8345167961 0.0496 
rollout150_frame_1.npy 102 90 33.8345167961 0.0496 
rollout150_frame_2.npy 102 90 33.8345167961 0.0496 
rollout150_frame_3.npy 102.0 90.0 33.8345167961 0.0496 
rollout150_frame_4.npy 102.0 90.0 33.8345167961 0.0496 
rollout150_frame_5.npy 102.0 90.0 33.8345167961 0.0496 
rollout194_frame_0.npy 91 111 113.279162343 0.031 
rollout194_frame_1.npy 91 111 113.279162343 0.031 
rollout194_frame_2.npy 91 111 113.279162343 0.031 
rollout194_frame_3.npy 91.0 111.0 113.279162343 0.031 
rollout194_frame_4.npy 91.0 111.0 113.279162343 0.031 
rollout194_frame_5.npy 91.0 111.0 113.279162343 0.031 
rollout133_frame_0.npy 101 108 99.6529468321 0.0264 
rollout133_frame_1.npy 101 108 99.6529468321 0.0264 
rollout133_frame_2.npy 101 108 99.6529468321 0.0264 
rollout133_frame_3.npy 101.0 108.0 99.6529468321 0.0264 
rollout133_frame_4.npy 101.0 108.0 99.6529468321 0.0264 
rollout133_frame_5.npy 101.0 108.0 99.6529468321 0.0264 
rollout42_frame_0.npy 101 98 165.423847701 0.0143 
rollout42_frame_1.npy 101 98 165.423847701 0.0143 
rollout42_frame_2.npy 101 98 165.423847701 0.0143 
rollout42_frame_3.npy 101.0 98.0 165.423847701 0.0143 
rollout42_frame_4.npy 101.0 98.0 165.423847701 0.0143 
rollout42_frame_5.npy 101.0 98.0 165.423847701 0.0143 
rollout53_frame_0.npy 90 97 1.1694582098 0.0229 
rollout53_frame_1.npy 90 97 1.1694582098 0.0229 
rollout53_frame_2.npy 90 97 1.1694582098 0.0229 
rollout53_frame_3.npy 90.0 97.0 1.1694582098 0.0229 
rollout53_frame_4.npy 90.0 97.0 1.1694582098 0.0229 
rollout53_frame_5.npy 90.0 97.0 1.1694582098 0.0229 
rollout175_frame_0.npy 86 95 160.210979223 0.0125 
rollout175_frame_1.npy 86 95 160.210979223 0.0125 
rollout175_frame_2.npy 86 95 160.210979223 0.0125 
rollout175_frame_3.npy 86.0 95.0 160.210979223 0.0125 
rollout175_frame_4.npy 86.0 95.0 160.210979223 0.0125 
rollout175_frame_5.npy 86.0 95.0 160.210979223 0.0125 
rollout71_frame_0.npy 93 101 109.086135835 0.0588 
rollout71_frame_1.npy 93 101 109.086135835 0.0588 
rollout71_frame_2.npy 93 101 109.086135835 0.0588 
rollout71_frame_3.npy 93.0 101.0 109.086135835 0.0588 
rollout71_frame_4.npy 93.0 101.0 109.086135835 0.0588 
rollout71_frame_5.npy 93.0 101.0 109.086135835 0.0588 
rollout19_frame_0.npy 114 73 165.877947323 0.0386 
rollout19_frame_1.npy 114 73 165.877947323 0.0386 
rollout19_frame_2.npy 114 73 165.877947323 0.0386 
rollout19_frame_3.npy 114.0 73.0 165.877947323 0.0386 
rollout19_frame_4.npy 114.0 73.0 165.877947323 0.0386 
rollout19_frame_5.npy 114.0 73.0 165.877947323 0.0386 
rollout119_frame_0.npy 139 113 149.614282446 0.0222 
rollout119_frame_1.npy 139 113 149.614282446 0.0222 
rollout119_frame_2.npy 139 113 149.614282446 0.0222 
rollout119_frame_3.npy 139.0 113.0 149.614282446 0.0222 
rollout119_frame_4.npy 139.0 113.0 149.614282446 0.0222 
rollout119_frame_5.npy 139.0 113.0 149.614282446 0.0222 
rollout116_frame_0.npy 123 89 29.3872587345 0.0158 
rollout116_frame_1.npy 123 89 29.3872587345 0.0158 
rollout116_frame_2.npy 123 89 29.3872587345 0.0158 
rollout116_frame_3.npy 123.0 89.0 29.3872587345 0.0158 
rollout116_frame_4.npy 123.0 89.0 29.3872587345 0.0158 
rollout116_frame_5.npy 123.0 89.0 29.3872587345 0.0158 
rollout195_frame_0.npy 98 88 136.743222674 0.0244 
rollout195_frame_1.npy 98 88 136.743222674 0.0244 
rollout195_frame_2.npy 98 88 136.743222674 0.0244 
rollout195_frame_3.npy 98.0 88.0 136.743222674 0.0244 
rollout195_frame_4.npy 98.0 88.0 136.743222674 0.0244 
rollout195_frame_5.npy 98.0 88.0 136.743222674 0.0244 
rollout58_frame_0.npy 90 101 163.901596401 0.0257 
rollout58_frame_1.npy 90 101 163.901596401 0.0257 
rollout58_frame_2.npy 90 101 163.901596401 0.0257 
rollout58_frame_3.npy 90.0 101.0 163.901596401 0.0257 
rollout58_frame_4.npy 90.0 101.0 163.901596401 0.0257 
rollout58_frame_5.npy 90.0 101.0 163.901596401 0.0257 
rollout129_frame_0.npy 63 106 14.7003091519 0.0332 
rollout129_frame_1.npy 63 106 14.7003091519 0.0332 
rollout129_frame_2.npy 63 106 14.7003091519 0.0332 
rollout129_frame_3.npy 63.0 106.0 14.7003091519 0.0332 
rollout129_frame_4.npy 63.0 106.0 14.7003091519 0.0332 
rollout129_frame_5.npy 63.0 106.0 14.7003091519 0.0332 
rollout95_frame_0.npy 96 112 164.594792966 0.0187 
rollout95_frame_1.npy 96 112 164.594792966 0.0187 
rollout95_frame_2.npy 96 112 164.594792966 0.0187 
rollout95_frame_3.npy 96.0 112.0 164.594792966 0.0187 
rollout95_frame_4.npy 96.0 112.0 164.594792966 0.0187 
rollout95_frame_5.npy 96.0 112.0 164.594792966 0.0187 
rollout134_frame_0.npy 123 85 42.5633698309 0.0381 
rollout134_frame_1.npy 123 85 42.5633698309 0.0381 
rollout134_frame_2.npy 123 85 42.5633698309 0.0381 
rollout134_frame_3.npy 123.0 85.0 42.5633698309 0.0381 
rollout134_frame_4.npy 123.0 85.0 42.5633698309 0.0381 
rollout134_frame_5.npy 123.0 85.0 42.5633698309 0.0381 
rollout143_frame_0.npy 111 109 137.596322267 0.0479 
rollout143_frame_1.npy 111 109 137.596322267 0.0479 
rollout143_frame_2.npy 111 109 137.596322267 0.0479 
rollout143_frame_3.npy 111.0 109.0 137.596322267 0.0479 
rollout143_frame_4.npy 111.0 109.0 137.596322267 0.0479 
rollout143_frame_5.npy 111.0 109.0 137.596322267 0.0479 
rollout70_frame_0.npy 91 97 84.3277970548 0.0345 
rollout70_frame_1.npy 91 97 84.3277970548 0.0345 
rollout70_frame_2.npy 91 97 84.3277970548 0.0345 
rollout70_frame_3.npy 91.0 97.0 84.3277970548 0.0345 
rollout70_frame_4.npy 91.0 97.0 84.3277970548 0.0345 
rollout70_frame_5.npy 91.0 97.0 84.3277970548 0.0345 
rollout73_frame_0.npy 100 98 55.9294852552 0.0398 
rollout73_frame_1.npy 100 98 55.9294852552 0.0398 
rollout73_frame_2.npy 100 98 55.9294852552 0.0398 
rollout73_frame_3.npy 100.0 98.0 55.9294852552 0.0398 
rollout73_frame_4.npy 100.0 98.0 55.9294852552 0.0398 
rollout73_frame_5.npy 100.0 98.0 55.9294852552 0.0398 
rollout181_frame_0.npy 81 89 74.4655165048 0.0217 
rollout181_frame_1.npy 81 89 74.4655165048 0.0217 
rollout181_frame_2.npy 81 89 74.4655165048 0.0217 
rollout181_frame_3.npy 81.0 89.0 74.4655165048 0.0217 
rollout181_frame_4.npy 81.0 89.0 74.4655165048 0.0217 
rollout181_frame_5.npy 81.0 89.0 74.4655165048 0.0217 
rollout153_frame_0.npy 101 92 8.26738580669 0.0122 
rollout153_frame_1.npy 101 92 8.26738580669 0.0122 
rollout153_frame_2.npy 101 92 8.26738580669 0.0122 
rollout153_frame_3.npy 101.0 92.0 8.26738580669 0.0122 
rollout153_frame_4.npy 101.0 92.0 8.26738580669 0.0122 
rollout153_frame_5.npy 101.0 92.0 8.26738580669 0.0122 
rollout189_frame_0.npy 81 91 59.5893353332 0.0238 
rollout189_frame_1.npy 81 91 59.5893353332 0.0238 
rollout189_frame_2.npy 81 91 59.5893353332 0.0238 
rollout189_frame_3.npy 81.0 91.0 59.5893353332 0.0238 
rollout189_frame_4.npy 81.0 91.0 59.5893353332 0.0238 
rollout189_frame_5.npy 81.0 91.0 59.5893353332 0.0238 
rollout37_frame_0.npy 90 97 166.75486744 0.0275 
rollout37_frame_1.npy 90 97 166.75486744 0.0275 
rollout37_frame_2.npy 90 97 166.75486744 0.0275 
rollout37_frame_3.npy 90.0 97.0 166.75486744 0.0275 
rollout37_frame_4.npy 90.0 97.0 166.75486744 0.0275 
rollout37_frame_5.npy 90.0 97.0 166.75486744 0.0275 
rollout40_frame_0.npy 100 95 149.981434178 0.0256 
rollout40_frame_1.npy 100 95 149.981434178 0.0256 
rollout40_frame_2.npy 100 95 149.981434178 0.0256 
rollout40_frame_3.npy 100.0 95.0 149.981434178 0.0256 
rollout40_frame_4.npy 100.0 95.0 149.981434178 0.0256 
rollout40_frame_5.npy 100.0 95.0 149.981434178 0.0256 
rollout55_frame_0.npy 94 103 19.9206611991 0.0239 
rollout55_frame_1.npy 94 103 19.9206611991 0.0239 
rollout55_frame_2.npy 94 103 19.9206611991 0.0239 
rollout55_frame_3.npy 94.0 103.0 19.9206611991 0.0239 
rollout55_frame_4.npy 94.0 103.0 19.9206611991 0.0239 
rollout55_frame_5.npy 94.0 103.0 19.9206611991 0.0239 
rollout110_frame_0.npy 121 101 178.839474336 0.0482 
rollout110_frame_1.npy 121 101 178.839474336 0.0482 
rollout110_frame_2.npy 121 101 178.839474336 0.0482 
rollout110_frame_3.npy 121.0 101.0 178.839474336 0.0482 
rollout110_frame_4.npy 121.0 101.0 178.839474336 0.0482 
rollout110_frame_5.npy 121.0 101.0 178.839474336 0.0482 
rollout200_frame_0.npy 99 108 103.307775704 0.0303 
rollout200_frame_1.npy 99 108 103.307775704 0.0303 
rollout200_frame_2.npy 99 108 103.307775704 0.0303 
rollout200_frame_3.npy 99.0 108.0 103.307775704 0.0303 
rollout200_frame_4.npy 99.0 108.0 103.307775704 0.0303 
rollout200_frame_5.npy 99.0 108.0 103.307775704 0.0303 
rollout98_frame_0.npy 85 92 49.6499613184 0.0136 
rollout98_frame_1.npy 85 92 49.6499613184 0.0136 
rollout98_frame_2.npy 85 92 49.6499613184 0.0136 
rollout98_frame_3.npy 85.0 92.0 49.6499613184 0.0136 
rollout98_frame_4.npy 85.0 92.0 49.6499613184 0.0136 
rollout98_frame_5.npy 85.0 92.0 49.6499613184 0.0136 
rollout100_frame_0.npy 81 115 30.9224582842 0.039 
rollout100_frame_1.npy 81 115 30.9224582842 0.039 
rollout100_frame_2.npy 81 115 30.9224582842 0.039 
rollout100_frame_3.npy 81.0 115.0 30.9224582842 0.039 
rollout100_frame_4.npy 81.0 115.0 30.9224582842 0.039 
rollout100_frame_5.npy 81.0 115.0 30.9224582842 0.039 
rollout161_frame_0.npy 139 104 160.59683612 0.016 
rollout161_frame_1.npy 139 104 160.59683612 0.016 
rollout161_frame_2.npy 139 104 160.59683612 0.016 
rollout161_frame_3.npy 139.0 104.0 160.59683612 0.016 
rollout161_frame_4.npy 139.0 104.0 160.59683612 0.016 
rollout161_frame_5.npy 139.0 104.0 160.59683612 0.016 
rollout99_frame_0.npy 120 88 53.165737438 0.0121 
rollout99_frame_1.npy 120 88 53.165737438 0.0121 
rollout99_frame_2.npy 120 88 53.165737438 0.0121 
rollout99_frame_3.npy 120.0 88.0 53.165737438 0.0121 
rollout99_frame_4.npy 120.0 88.0 53.165737438 0.0121 
rollout99_frame_5.npy 120.0 88.0 53.165737438 0.0121 
rollout72_frame_0.npy 71 116 104.25884933 0.0202 
rollout72_frame_1.npy 71 116 104.25884933 0.0202 
rollout72_frame_2.npy 71 116 104.25884933 0.0202 
rollout72_frame_3.npy 71.0 116.0 104.25884933 0.0202 
rollout72_frame_4.npy 71.0 116.0 104.25884933 0.0202 
rollout72_frame_5.npy 71.0 116.0 104.25884933 0.0202 
rollout30_frame_0.npy 106 106 166.930180723 0.0199 
rollout30_frame_1.npy 106 106 166.930180723 0.0199 
rollout30_frame_2.npy 106 106 166.930180723 0.0199 
rollout30_frame_3.npy 106.0 106.0 166.930180723 0.0199 
rollout30_frame_4.npy 106.0 106.0 166.930180723 0.0199 
rollout30_frame_5.npy 106.0 106.0 166.930180723 0.0199 
rollout109_frame_0.npy 129 109 158.293192086 0.0189 
rollout109_frame_1.npy 129 109 158.293192086 0.0189 
rollout109_frame_2.npy 129 109 158.293192086 0.0189 
rollout109_frame_3.npy 129.0 109.0 158.293192086 0.0189 
rollout109_frame_4.npy 129.0 109.0 158.293192086 0.0189 
rollout109_frame_5.npy 129.0 109.0 158.293192086 0.0189 
rollout157_frame_0.npy 69 85 134.234554927 0.0244 
rollout157_frame_1.npy 69 85 134.234554927 0.0244 
rollout157_frame_2.npy 69 85 134.234554927 0.0244 
rollout157_frame_3.npy 69.0 85.0 134.234554927 0.0244 
rollout157_frame_4.npy 69.0 85.0 134.234554927 0.0244 
rollout157_frame_5.npy 69.0 85.0 134.234554927 0.0244 
rollout7_frame_0.npy 77 90 90.3222887279 0.0427 
rollout7_frame_1.npy 77 90 90.3222887279 0.0427 
rollout7_frame_2.npy 77 90 90.3222887279 0.0427 
rollout7_frame_3.npy 77.0 90.0 90.3222887279 0.0427 
rollout7_frame_4.npy 77.0 90.0 90.3222887279 0.0427 
rollout7_frame_5.npy 77.0 90.0 90.3222887279 0.0427 
rollout118_frame_0.npy 93 111 65.7435330007 0.0275 
rollout118_frame_1.npy 93 111 65.7435330007 0.0275 
rollout118_frame_2.npy 93 111 65.7435330007 0.0275 
rollout118_frame_3.npy 93.0 111.0 65.7435330007 0.0275 
rollout118_frame_4.npy 93.0 111.0 65.7435330007 0.0275 
rollout118_frame_5.npy 93.0 111.0 65.7435330007 0.0275 
rollout103_frame_0.npy 119 109 172.31145742 0.0508 
rollout103_frame_1.npy 119 109 172.31145742 0.0508 
rollout103_frame_2.npy 119 109 172.31145742 0.0508 
rollout103_frame_3.npy 119.0 109.0 172.31145742 0.0508 
rollout103_frame_4.npy 119.0 109.0 172.31145742 0.0508 
rollout103_frame_5.npy 119.0 109.0 172.31145742 0.0508 
rollout1_frame_0.npy 85 91 66.6428215266 0.0417 
rollout1_frame_1.npy 85 91 66.6428215266 0.0417 
rollout1_frame_2.npy 85 91 66.6428215266 0.0417 
rollout1_frame_3.npy 85.0 91.0 66.6428215266 0.0417 
rollout1_frame_4.npy 85.0 91.0 66.6428215266 0.0417 
rollout1_frame_5.npy 85.0 91.0 66.6428215266 0.0417 
rollout69_frame_0.npy 93 91 97.1765999252 0.0399 
rollout69_frame_1.npy 93 91 97.1765999252 0.0399 
rollout69_frame_2.npy 93 91 97.1765999252 0.0399 
rollout69_frame_3.npy 93.0 91.0 97.1765999252 0.0399 
rollout69_frame_4.npy 93.0 91.0 97.1765999252 0.0399 
rollout69_frame_5.npy 93.0 91.0 97.1765999252 0.0399 
rollout84_frame_0.npy 100 111 64.6696559945 0.0148 
rollout84_frame_1.npy 100 111 64.6696559945 0.0148 
rollout84_frame_2.npy 100 111 64.6696559945 0.0148 
rollout84_frame_3.npy 100.0 111.0 64.6696559945 0.0148 
rollout84_frame_4.npy 100.0 111.0 64.6696559945 0.0148 
rollout84_frame_5.npy 100.0 111.0 64.6696559945 0.0148 
rollout14_frame_0.npy 116 103 166.21502824 0.0674 
rollout14_frame_1.npy 116 103 166.21502824 0.0674 
rollout14_frame_2.npy 116 103 166.21502824 0.0674 
rollout14_frame_3.npy 116.0 103.0 166.21502824 0.0674 
rollout14_frame_4.npy 116.0 103.0 166.21502824 0.0674 
rollout14_frame_5.npy 116.0 103.0 166.21502824 0.0674 
rollout83_frame_0.npy 102 104 93.8843226929 0.0148 
rollout83_frame_1.npy 102 104 93.8843226929 0.0148 
rollout83_frame_2.npy 102 104 93.8843226929 0.0148 
rollout83_frame_3.npy 102.0 104.0 93.8843226929 0.0148 
rollout83_frame_4.npy 102.0 104.0 93.8843226929 0.0148 
rollout83_frame_5.npy 102.0 104.0 93.8843226929 0.0148 
rollout102_frame_0.npy 108 117 116.446196379 0.0444 
rollout102_frame_1.npy 108 117 116.446196379 0.0444 
rollout102_frame_2.npy 108 117 116.446196379 0.0444 
rollout102_frame_3.npy 108.0 117.0 116.446196379 0.0444 
rollout102_frame_4.npy 108.0 117.0 116.446196379 0.0444 
rollout102_frame_5.npy 108.0 117.0 116.446196379 0.0444 
rollout35_frame_0.npy 114 104 160.217726576 0.0272 
rollout35_frame_1.npy 114 104 160.217726576 0.0272 
rollout35_frame_2.npy 114 104 160.217726576 0.0272 
rollout35_frame_3.npy 114.0 104.0 160.217726576 0.0272 
rollout35_frame_4.npy 114.0 104.0 160.217726576 0.0272 
rollout35_frame_5.npy 114.0 104.0 160.217726576 0.0272 
rollout22_frame_0.npy 99 106 62.5210774486 0.013 
rollout22_frame_1.npy 99 106 62.5210774486 0.013 
rollout22_frame_2.npy 99 106 62.5210774486 0.013 
rollout22_frame_3.npy 99.0 106.0 62.5210774486 0.013 
rollout22_frame_4.npy 99.0 106.0 62.5210774486 0.013 
rollout22_frame_5.npy 99.0 106.0 62.5210774486 0.013 
rollout166_frame_0.npy 92 106 82.4447161684 0.0412 
rollout166_frame_1.npy 92 106 82.4447161684 0.0412 
rollout166_frame_2.npy 92 106 82.4447161684 0.0412 
rollout166_frame_3.npy 92.0 106.0 82.4447161684 0.0412 
rollout166_frame_4.npy 92.0 106.0 82.4447161684 0.0412 
rollout166_frame_5.npy 92.0 106.0 82.4447161684 0.0412 
rollout41_frame_0.npy 100 98 154.465521163 0.0146 
rollout41_frame_1.npy 100 98 154.465521163 0.0146 
rollout41_frame_2.npy 100 98 154.465521163 0.0146 
rollout41_frame_3.npy 100.0 98.0 154.465521163 0.0146 
rollout41_frame_4.npy 100.0 98.0 154.465521163 0.0146 
rollout41_frame_5.npy 100.0 98.0 154.465521163 0.0146 
rollout197_frame_0.npy 102 107 169.94991163 0.0219 
rollout197_frame_1.npy 102 107 169.94991163 0.0219 
rollout197_frame_2.npy 102 107 169.94991163 0.0219 
rollout197_frame_3.npy 102.0 107.0 169.94991163 0.0219 
rollout197_frame_4.npy 102.0 107.0 169.94991163 0.0219 
rollout197_frame_5.npy 102.0 107.0 169.94991163 0.0219 
rollout170_frame_0.npy 84 107 23.9403255998 0.0488 
rollout170_frame_1.npy 84 107 23.9403255998 0.0488 
rollout170_frame_2.npy 84 107 23.9403255998 0.0488 
rollout170_frame_3.npy 84.0 107.0 23.9403255998 0.0488 
rollout170_frame_4.npy 84.0 107.0 23.9403255998 0.0488 
rollout170_frame_5.npy 84.0 107.0 23.9403255998 0.0488 
rollout29_frame_0.npy 92 92 140.054337422 0.0222 
rollout29_frame_1.npy 92 92 140.054337422 0.0222 
rollout29_frame_2.npy 92 92 140.054337422 0.0222 
rollout29_frame_3.npy 92.0 92.0 140.054337422 0.0222 
rollout29_frame_4.npy 92.0 92.0 140.054337422 0.0222 
rollout29_frame_5.npy 92.0 92.0 140.054337422 0.0222 
rollout94_frame_0.npy 91 108 116.974691873 0.0143 
rollout94_frame_1.npy 91 108 116.974691873 0.0143 
rollout94_frame_2.npy 91 108 116.974691873 0.0143 
rollout94_frame_3.npy 91.0 108.0 116.974691873 0.0143 
rollout94_frame_4.npy 91.0 108.0 116.974691873 0.0143 
rollout94_frame_5.npy 91.0 108.0 116.974691873 0.0143 
rollout76_frame_0.npy 105 104 178.666370899 0.0547 
rollout76_frame_1.npy 105 104 178.666370899 0.0547 
rollout76_frame_2.npy 105 104 178.666370899 0.0547 
rollout76_frame_3.npy 105.0 104.0 178.666370899 0.0547 
rollout76_frame_4.npy 105.0 104.0 178.666370899 0.0547 
rollout76_frame_5.npy 105.0 104.0 178.666370899 0.0547 
rollout135_frame_0.npy 88 92 126.796940722 0.0516 
rollout135_frame_1.npy 88 92 126.796940722 0.0516 
rollout135_frame_2.npy 88 92 126.796940722 0.0516 
rollout135_frame_3.npy 88.0 92.0 126.796940722 0.0516 
rollout135_frame_4.npy 88.0 92.0 126.796940722 0.0516 
rollout135_frame_5.npy 88.0 92.0 126.796940722 0.0516 
rollout192_frame_0.npy 101 106 74.8811928141 0.0217 
rollout192_frame_1.npy 101 106 74.8811928141 0.0217 
rollout192_frame_2.npy 101 106 74.8811928141 0.0217 
rollout192_frame_3.npy 101.0 106.0 74.8811928141 0.0217 
rollout192_frame_4.npy 101.0 106.0 74.8811928141 0.0217 
rollout192_frame_5.npy 101.0 106.0 74.8811928141 0.0217 
rollout66_frame_0.npy 85 121 152.679415639 0.0415 
rollout66_frame_1.npy 85 121 152.679415639 0.0415 
rollout66_frame_2.npy 85 121 152.679415639 0.0415 
rollout66_frame_3.npy 85.0 121.0 152.679415639 0.0415 
rollout66_frame_4.npy 85.0 121.0 152.679415639 0.0415 
rollout66_frame_5.npy 85.0 121.0 152.679415639 0.0415 
rollout80_frame_0.npy 113 106 87.8848569867 0.0267 
rollout80_frame_1.npy 113 106 87.8848569867 0.0267 
rollout80_frame_2.npy 113 106 87.8848569867 0.0267 
rollout80_frame_3.npy 113.0 106.0 87.8848569867 0.0267 
rollout80_frame_4.npy 113.0 106.0 87.8848569867 0.0267 
rollout80_frame_5.npy 113.0 106.0 87.8848569867 0.0267 
rollout122_frame_0.npy 116 136 108.433843172 0.0209 
rollout122_frame_1.npy 116 136 108.433843172 0.0209 
rollout122_frame_2.npy 116 136 108.433843172 0.0209 
rollout122_frame_3.npy 116.0 136.0 108.433843172 0.0209 
rollout122_frame_4.npy 116.0 136.0 108.433843172 0.0209 
rollout122_frame_5.npy 116.0 136.0 108.433843172 0.0209 
rollout82_frame_0.npy 108 111 111.312856957 0.0155 
rollout82_frame_1.npy 108 111 111.312856957 0.0155 
rollout82_frame_2.npy 108 111 111.312856957 0.0155 
rollout82_frame_3.npy 108.0 111.0 111.312856957 0.0155 
rollout82_frame_4.npy 108.0 111.0 111.312856957 0.0155 
rollout82_frame_5.npy 108.0 111.0 111.312856957 0.0155 
rollout182_frame_0.npy 72 110 100.537173428 0.0267 
rollout182_frame_1.npy 72 110 100.537173428 0.0267 
rollout182_frame_2.npy 72 110 100.537173428 0.0267 
rollout182_frame_3.npy 72.0 110.0 100.537173428 0.0267 
rollout182_frame_4.npy 72.0 110.0 100.537173428 0.0267 
rollout182_frame_5.npy 72.0 110.0 100.537173428 0.0267 
rollout52_frame_0.npy 93 94 83.7011381495 0.0201 
rollout52_frame_1.npy 93 94 83.7011381495 0.0201 
rollout52_frame_2.npy 93 94 83.7011381495 0.0201 
rollout52_frame_3.npy 93.0 94.0 83.7011381495 0.0201 
rollout52_frame_4.npy 93.0 94.0 83.7011381495 0.0201 
rollout52_frame_5.npy 93.0 94.0 83.7011381495 0.0201 
rollout77_frame_0.npy 87 97 115.868514036 0.0434 
rollout77_frame_1.npy 87 97 115.868514036 0.0434 
rollout77_frame_2.npy 87 97 115.868514036 0.0434 
rollout77_frame_3.npy 87.0 97.0 115.868514036 0.0434 
rollout77_frame_4.npy 87.0 97.0 115.868514036 0.0434 
rollout77_frame_5.npy 87.0 97.0 115.868514036 0.0434 
rollout159_frame_0.npy 110 133 98.7560614389 0.0179 
rollout159_frame_1.npy 110 133 98.7560614389 0.0179 
rollout159_frame_2.npy 110 133 98.7560614389 0.0179 
rollout159_frame_3.npy 110.0 133.0 98.7560614389 0.0179 
rollout159_frame_4.npy 110.0 133.0 98.7560614389 0.0179 
rollout159_frame_5.npy 110.0 133.0 98.7560614389 0.0179 
rollout11_frame_0.npy 114 115 77.8266182932 0.0418 
rollout11_frame_1.npy 114 115 77.8266182932 0.0418 
rollout11_frame_2.npy 114 115 77.8266182932 0.0418 
rollout11_frame_3.npy 114.0 115.0 77.8266182932 0.0418 
rollout11_frame_4.npy 114.0 115.0 77.8266182932 0.0418 
rollout11_frame_5.npy 114.0 115.0 77.8266182932 0.0418 
rollout48_frame_0.npy 99 101 162.844940423 0.0262 
rollout48_frame_1.npy 99 101 162.844940423 0.0262 
rollout48_frame_2.npy 99 101 162.844940423 0.0262 
rollout48_frame_3.npy 99.0 101.0 162.844940423 0.0262 
rollout48_frame_4.npy 99.0 101.0 162.844940423 0.0262 
rollout48_frame_5.npy 99.0 101.0 162.844940423 0.0262 
rollout57_frame_0.npy 102 104 171.949029326 0.0215 
rollout57_frame_1.npy 102 104 171.949029326 0.0215 
rollout57_frame_2.npy 102 104 171.949029326 0.0215 
rollout57_frame_3.npy 102.0 104.0 171.949029326 0.0215 
rollout57_frame_4.npy 102.0 104.0 171.949029326 0.0215 
rollout57_frame_5.npy 102.0 104.0 171.949029326 0.0215 
rollout126_frame_0.npy 98 109 109.239682448 0.0293 
rollout126_frame_1.npy 98 109 109.239682448 0.0293 
rollout126_frame_2.npy 98 109 109.239682448 0.0293 
rollout126_frame_3.npy 98.0 109.0 109.239682448 0.0293 
rollout126_frame_4.npy 98.0 109.0 109.239682448 0.0293 
rollout126_frame_5.npy 98.0 109.0 109.239682448 0.0293 
rollout198_frame_0.npy 98 105 148.277350261 0.0323 
rollout198_frame_1.npy 98 105 148.277350261 0.0323 
rollout198_frame_2.npy 98 105 148.277350261 0.0323 
rollout198_frame_3.npy 98.0 105.0 148.277350261 0.0323 
rollout198_frame_4.npy 98.0 105.0 148.277350261 0.0323 
rollout198_frame_5.npy 98.0 105.0 148.277350261 0.0323 
rollout60_frame_0.npy 95 108 154.822824931 0.0346 
rollout60_frame_1.npy 95 108 154.822824931 0.0346 
rollout60_frame_2.npy 95 108 154.822824931 0.0346 
rollout60_frame_3.npy 95.0 108.0 154.822824931 0.0346 
rollout60_frame_4.npy 95.0 108.0 154.822824931 0.0346 
rollout60_frame_5.npy 95.0 108.0 154.822824931 0.0346 
rollout138_frame_0.npy 118 83 30.1455096407 0.0456 
rollout138_frame_1.npy 118 83 30.1455096407 0.0456 
rollout138_frame_2.npy 118 83 30.1455096407 0.0456 
rollout138_frame_3.npy 118.0 83.0 30.1455096407 0.0456 
rollout138_frame_4.npy 118.0 83.0 30.1455096407 0.0456 
rollout138_frame_5.npy 118.0 83.0 30.1455096407 0.0456 
rollout26_frame_0.npy 107 103 138.882226495 0.0152 
rollout26_frame_1.npy 107 103 138.882226495 0.0152 
rollout26_frame_2.npy 107 103 138.882226495 0.0152 
rollout26_frame_3.npy 107.0 103.0 138.882226495 0.0152 
rollout26_frame_4.npy 107.0 103.0 138.882226495 0.0152 
rollout26_frame_5.npy 107.0 103.0 138.882226495 0.0152 
rollout67_frame_0.npy 78 90 82.6052506043 0.0363 
rollout67_frame_1.npy 78 90 82.6052506043 0.0363 
rollout67_frame_2.npy 78 90 82.6052506043 0.0363 
rollout67_frame_3.npy 78.0 90.0 82.6052506043 0.0363 
rollout67_frame_4.npy 78.0 90.0 82.6052506043 0.0363 
rollout67_frame_5.npy 78.0 90.0 82.6052506043 0.0363 
rollout50_frame_0.npy 96 101 156.064809948 0.0262 
rollout50_frame_1.npy 96 101 156.064809948 0.0262 
rollout50_frame_2.npy 96 101 156.064809948 0.0262 
rollout50_frame_3.npy 96.0 101.0 156.064809948 0.0262 
rollout50_frame_4.npy 96.0 101.0 156.064809948 0.0262 
rollout50_frame_5.npy 96.0 101.0 156.064809948 0.0262 
rollout172_frame_0.npy 86 90 128.539848258 0.0448 
rollout172_frame_1.npy 86 90 128.539848258 0.0448 
rollout172_frame_2.npy 86 90 128.539848258 0.0448 
rollout172_frame_3.npy 86.0 90.0 128.539848258 0.0448 
rollout172_frame_4.npy 86.0 90.0 128.539848258 0.0448 
rollout172_frame_5.npy 86.0 90.0 128.539848258 0.0448 
rollout146_frame_0.npy 89 108 18.311466106 0.054 
rollout146_frame_1.npy 89 108 18.311466106 0.054 
rollout146_frame_2.npy 89 108 18.311466106 0.054 
rollout146_frame_3.npy 89.0 108.0 18.311466106 0.054 
rollout146_frame_4.npy 89.0 108.0 18.311466106 0.054 
rollout146_frame_5.npy 89.0 108.0 18.311466106 0.054 
rollout15_frame_0.npy 112 75 97.5460050302 0.0405 
rollout15_frame_1.npy 112 75 97.5460050302 0.0405 
rollout15_frame_2.npy 112 75 97.5460050302 0.0405 
rollout15_frame_3.npy 112.0 75.0 97.5460050302 0.0405 
rollout15_frame_4.npy 112.0 75.0 97.5460050302 0.0405 
rollout15_frame_5.npy 112.0 75.0 97.5460050302 0.0405 
rollout160_frame_0.npy 78 75 143.856257763 0.0148 
rollout160_frame_1.npy 78 75 143.856257763 0.0148 
rollout160_frame_2.npy 78 75 143.856257763 0.0148 
rollout160_frame_3.npy 78.0 75.0 143.856257763 0.0148 
rollout160_frame_4.npy 78.0 75.0 143.856257763 0.0148 
rollout160_frame_5.npy 78.0 75.0 143.856257763 0.0148 
rollout68_frame_0.npy 81 94 91.7888688969 0.0209 
rollout68_frame_1.npy 81 94 91.7888688969 0.0209 
rollout68_frame_2.npy 81 94 91.7888688969 0.0209 
rollout68_frame_3.npy 81.0 94.0 91.7888688969 0.0209 
rollout68_frame_4.npy 81.0 94.0 91.7888688969 0.0209 
rollout68_frame_5.npy 81.0 94.0 91.7888688969 0.0209 
rollout86_frame_0.npy 105 103 43.6700814875 0.0192 
rollout86_frame_1.npy 105 103 43.6700814875 0.0192 
rollout86_frame_2.npy 105 103 43.6700814875 0.0192 
rollout86_frame_3.npy 105.0 103.0 43.6700814875 0.0192 
rollout86_frame_4.npy 105.0 103.0 43.6700814875 0.0192 
rollout86_frame_5.npy 105.0 103.0 43.6700814875 0.0192 
rollout199_frame_0.npy 93 101 164.714078742 0.024 
rollout199_frame_1.npy 93 101 164.714078742 0.024 
rollout199_frame_2.npy 93 101 164.714078742 0.024 
rollout199_frame_3.npy 93.0 101.0 164.714078742 0.024 
rollout199_frame_4.npy 93.0 101.0 164.714078742 0.024 
rollout199_frame_5.npy 93.0 101.0 164.714078742 0.024 
rollout12_frame_0.npy 92 90 141.329205719 0.0491 
rollout12_frame_1.npy 92 90 141.329205719 0.0491 
rollout12_frame_2.npy 92 90 141.329205719 0.0491 
rollout12_frame_3.npy 92.0 90.0 141.329205719 0.0491 
rollout12_frame_4.npy 92.0 90.0 141.329205719 0.0491 
rollout12_frame_5.npy 92.0 90.0 141.329205719 0.0491 
rollout44_frame_0.npy 109 100 173.338292576 0.0124 
rollout44_frame_1.npy 109 100 173.338292576 0.0124 
rollout44_frame_2.npy 109 100 173.338292576 0.0124 
rollout44_frame_3.npy 109.0 100.0 173.338292576 0.0124 
rollout44_frame_4.npy 109.0 100.0 173.338292576 0.0124 
rollout44_frame_5.npy 109.0 100.0 173.338292576 0.0124 
rollout6_frame_0.npy 125 111 65.2281055329 0.0509 
rollout6_frame_1.npy 125 111 65.2281055329 0.0509 
rollout6_frame_2.npy 125 111 65.2281055329 0.0509 
rollout6_frame_3.npy 125.0 111.0 65.2281055329 0.0509 
rollout6_frame_4.npy 125.0 111.0 65.2281055329 0.0509 
rollout6_frame_5.npy 125.0 111.0 65.2281055329 0.0509 
rollout0_frame_0.npy 127 89 56.1738028852 0.0453 
rollout0_frame_1.npy 127 89 56.1738028852 0.0453 
rollout0_frame_2.npy 127 89 56.1738028852 0.0453 
rollout0_frame_3.npy 127.0 89.0 56.1738028852 0.0453 
rollout0_frame_4.npy 127.0 89.0 56.1738028852 0.0453 
rollout0_frame_5.npy 127.0 89.0 56.1738028852 0.0453 
rollout75_frame_0.npy 103 112 63.3747231955 0.0217 
rollout75_frame_1.npy 103 112 63.3747231955 0.0217 
rollout75_frame_2.npy 103 112 63.3747231955 0.0217 
rollout75_frame_3.npy 103.0 112.0 63.3747231955 0.0217 
rollout75_frame_4.npy 103.0 112.0 63.3747231955 0.0217 
rollout75_frame_5.npy 103.0 112.0 63.3747231955 0.0217 
rollout128_frame_0.npy 106 100 23.1239867352 0.0271 
rollout128_frame_1.npy 106 100 23.1239867352 0.0271 
rollout128_frame_2.npy 106 100 23.1239867352 0.0271 
rollout128_frame_3.npy 106.0 100.0 23.1239867352 0.0271 
rollout128_frame_4.npy 106.0 100.0 23.1239867352 0.0271 
rollout128_frame_5.npy 106.0 100.0 23.1239867352 0.0271 
rollout59_frame_0.npy 78 95 86.6660825854 0.03 
rollout59_frame_1.npy 78 95 86.6660825854 0.03 
rollout59_frame_2.npy 78 95 86.6660825854 0.03 
rollout59_frame_3.npy 78.0 95.0 86.6660825854 0.03 
rollout59_frame_4.npy 78.0 95.0 86.6660825854 0.03 
rollout59_frame_5.npy 78.0 95.0 86.6660825854 0.03 
rollout20_frame_0.npy 103 91 80.0916721062 0.0183 
rollout20_frame_1.npy 103 91 80.0916721062 0.0183 
rollout20_frame_2.npy 103 91 80.0916721062 0.0183 
rollout20_frame_3.npy 103.0 91.0 80.0916721062 0.0183 
rollout20_frame_4.npy 103.0 91.0 80.0916721062 0.0183 
rollout20_frame_5.npy 103.0 91.0 80.0916721062 0.0183 
rollout144_frame_0.npy 112 109 135.173890565 0.0439 
rollout144_frame_1.npy 112 109 135.173890565 0.0439 
rollout144_frame_2.npy 112 109 135.173890565 0.0439 
rollout144_frame_3.npy 112.0 109.0 135.173890565 0.0439 
rollout144_frame_4.npy 112.0 109.0 135.173890565 0.0439 
rollout144_frame_5.npy 112.0 109.0 135.173890565 0.0439 
rollout163_frame_0.npy 114 62 39.9606438316 0.0159 
rollout163_frame_1.npy 114 62 39.9606438316 0.0159 
rollout163_frame_2.npy 114 62 39.9606438316 0.0159 
rollout163_frame_3.npy 114.0 62.0 39.9606438316 0.0159 
rollout163_frame_4.npy 114.0 62.0 39.9606438316 0.0159 
rollout163_frame_5.npy 114.0 62.0 39.9606438316 0.0159 
rollout47_frame_0.npy 113 96 15.4172520729 0.017 
rollout47_frame_1.npy 113 96 15.4172520729 0.017 
rollout47_frame_2.npy 113 96 15.4172520729 0.017 
rollout47_frame_3.npy 113.0 96.0 15.4172520729 0.017 
rollout47_frame_4.npy 113.0 96.0 15.4172520729 0.017 
rollout47_frame_5.npy 113.0 96.0 15.4172520729 0.017 
rollout2_frame_0.npy 123 120 66.8372228959 0.042 
rollout2_frame_1.npy 123 120 66.8372228959 0.042 
rollout2_frame_2.npy 123 120 66.8372228959 0.042 
rollout2_frame_3.npy 123.0 120.0 66.8372228959 0.042 
rollout2_frame_4.npy 123.0 120.0 66.8372228959 0.042 
rollout2_frame_5.npy 123.0 120.0 66.8372228959 0.042 
rollout114_frame_0.npy 91 89 101.493930818 0.0336 
rollout114_frame_1.npy 91 89 101.493930818 0.0336 
rollout114_frame_2.npy 91 89 101.493930818 0.0336 
rollout114_frame_3.npy 91.0 89.0 101.493930818 0.0336 
rollout114_frame_4.npy 91.0 89.0 101.493930818 0.0336 
rollout114_frame_5.npy 91.0 89.0 101.493930818 0.0336 
rollout179_frame_0.npy 96 102 102.175877655 0.0308 
rollout179_frame_1.npy 96 102 102.175877655 0.0308 
rollout179_frame_2.npy 96 102 102.175877655 0.0308 
rollout179_frame_3.npy 96.0 102.0 102.175877655 0.0308 
rollout179_frame_4.npy 96.0 102.0 102.175877655 0.0308 
rollout179_frame_5.npy 96.0 102.0 102.175877655 0.0308 
rollout21_frame_0.npy 86 101 168.633963965 0.013 
rollout21_frame_1.npy 86 101 168.633963965 0.013 
rollout21_frame_2.npy 86 101 168.633963965 0.013 
rollout21_frame_3.npy 86.0 101.0 168.633963965 0.013 
rollout21_frame_4.npy 86.0 101.0 168.633963965 0.013 
rollout21_frame_5.npy 86.0 101.0 168.633963965 0.013 
rollout186_frame_0.npy 68 98 96.6417093082 0.0272 
rollout186_frame_1.npy 68 98 96.6417093082 0.0272 
rollout186_frame_2.npy 68 98 96.6417093082 0.0272 
rollout186_frame_3.npy 68.0 98.0 96.6417093082 0.0272 
rollout186_frame_4.npy 68.0 98.0 96.6417093082 0.0272 
rollout186_frame_5.npy 68.0 98.0 96.6417093082 0.0272 
rollout190_frame_0.npy 105 95 34.7311257543 0.0234 
rollout190_frame_1.npy 105 95 34.7311257543 0.0234 
rollout190_frame_2.npy 105 95 34.7311257543 0.0234 
rollout190_frame_3.npy 105.0 95.0 34.7311257543 0.0234 
rollout190_frame_4.npy 105.0 95.0 34.7311257543 0.0234 
rollout190_frame_5.npy 105.0 95.0 34.7311257543 0.0234 
rollout169_frame_0.npy 101 82 140.481016876 0.0297 
rollout169_frame_1.npy 101 82 140.481016876 0.0297 
rollout169_frame_2.npy 101 82 140.481016876 0.0297 
rollout169_frame_3.npy 101.0 82.0 140.481016876 0.0297 
rollout169_frame_4.npy 101.0 82.0 140.481016876 0.0297 
rollout169_frame_5.npy 101.0 82.0 140.481016876 0.0297 
rollout18_frame_0.npy 116 103 89.8836485899 0.045 
rollout18_frame_1.npy 116 103 89.8836485899 0.045 
rollout18_frame_2.npy 116 103 89.8836485899 0.045 
rollout18_frame_3.npy 116.0 103.0 89.8836485899 0.045 
rollout18_frame_4.npy 116.0 103.0 89.8836485899 0.045 
rollout18_frame_5.npy 116.0 103.0 89.8836485899 0.045 
rollout196_frame_0.npy 105 103 82.0861530968 0.0175 
rollout196_frame_1.npy 105 103 82.0861530968 0.0175 
rollout196_frame_2.npy 105 103 82.0861530968 0.0175 
rollout196_frame_3.npy 105.0 103.0 82.0861530968 0.0175 
rollout196_frame_4.npy 105.0 103.0 82.0861530968 0.0175 
rollout196_frame_5.npy 105.0 103.0 82.0861530968 0.0175 
rollout105_frame_0.npy 86 108 177.291577644 0.066 
rollout105_frame_1.npy 86 108 177.291577644 0.066 
rollout105_frame_2.npy 86 108 177.291577644 0.066 
rollout105_frame_3.npy 86.0 108.0 177.291577644 0.066 
rollout105_frame_4.npy 86.0 108.0 177.291577644 0.066 
rollout105_frame_5.npy 86.0 108.0 177.291577644 0.066 
rollout139_frame_0.npy 118 111 135.165475799 0.041 
rollout139_frame_1.npy 118 111 135.165475799 0.041 
rollout139_frame_2.npy 118 111 135.165475799 0.041 
rollout139_frame_3.npy 118.0 111.0 135.165475799 0.041 
rollout139_frame_4.npy 118.0 111.0 135.165475799 0.041 
rollout139_frame_5.npy 118.0 111.0 135.165475799 0.041 
rollout113_frame_0.npy 89 88 105.591623625 0.0403 
rollout113_frame_1.npy 89 88 105.591623625 0.0403 
rollout113_frame_2.npy 89 88 105.591623625 0.0403 
rollout113_frame_3.npy 89.0 88.0 105.591623625 0.0403 
rollout113_frame_4.npy 89.0 88.0 105.591623625 0.0403 
rollout113_frame_5.npy 89.0 88.0 105.591623625 0.0403 
rollout155_frame_0.npy 95 95 164.382367776 0.0297 
rollout155_frame_1.npy 95 95 164.382367776 0.0297 
rollout155_frame_2.npy 95 95 164.382367776 0.0297 
rollout155_frame_3.npy 95.0 95.0 164.382367776 0.0297 
rollout155_frame_4.npy 95.0 95.0 164.382367776 0.0297 
rollout155_frame_5.npy 95.0 95.0 164.382367776 0.0297 
rollout117_frame_0.npy 138 95 169.437980238 0.0174 
rollout117_frame_1.npy 138 95 169.437980238 0.0174 
rollout117_frame_2.npy 138 95 169.437980238 0.0174 
rollout117_frame_3.npy 138.0 95.0 169.437980238 0.0174 
rollout117_frame_4.npy 138.0 95.0 169.437980238 0.0174 
rollout117_frame_5.npy 138.0 95.0 169.437980238 0.0174 
rollout56_frame_0.npy 99 91 100.457599117 0.024 
rollout56_frame_1.npy 99 91 100.457599117 0.024 
rollout56_frame_2.npy 99 91 100.457599117 0.024 
rollout56_frame_3.npy 99.0 91.0 100.457599117 0.024 
rollout56_frame_4.npy 99.0 91.0 100.457599117 0.024 
rollout56_frame_5.npy 99.0 91.0 100.457599117 0.024 
rollout127_frame_0.npy 64 129 25.9953668698 0.0258 
rollout127_frame_1.npy 64 129 25.9953668698 0.0258 
rollout127_frame_2.npy 64 129 25.9953668698 0.0258 
rollout127_frame_3.npy 64.0 129.0 25.9953668698 0.0258 
rollout127_frame_4.npy 64.0 129.0 25.9953668698 0.0258 
rollout127_frame_5.npy 64.0 129.0 25.9953668698 0.0258 
rollout162_frame_0.npy 122 109 151.545275207 0.0139 
rollout162_frame_1.npy 122 109 151.545275207 0.0139 
rollout162_frame_2.npy 122 109 151.545275207 0.0139 
rollout162_frame_3.npy 122.0 109.0 151.545275207 0.0139 
rollout162_frame_4.npy 122.0 109.0 151.545275207 0.0139 
rollout162_frame_5.npy 122.0 109.0 151.545275207 0.0139 
rollout115_frame_0.npy 76 121 64.8746512016 0.0255 
rollout115_frame_1.npy 76 121 64.8746512016 0.0255 
rollout115_frame_2.npy 76 121 64.8746512016 0.0255 
rollout115_frame_3.npy 76.0 121.0 64.8746512016 0.0255 
rollout115_frame_4.npy 76.0 121.0 64.8746512016 0.0255 
rollout115_frame_5.npy 76.0 121.0 64.8746512016 0.0255 
rollout79_frame_0.npy 94 97 87.4719799219 0.0334 
rollout79_frame_1.npy 94 97 87.4719799219 0.0334 
rollout79_frame_2.npy 94 97 87.4719799219 0.0334 
rollout79_frame_3.npy 94.0 97.0 87.4719799219 0.0334 
rollout79_frame_4.npy 94.0 97.0 87.4719799219 0.0334 
rollout79_frame_5.npy 94.0 97.0 87.4719799219 0.0334 
rollout151_frame_0.npy 122 94 179.289006588 0.0528 
rollout151_frame_1.npy 122 94 179.289006588 0.0528 
rollout151_frame_2.npy 122 94 179.289006588 0.0528 
rollout151_frame_3.npy 122.0 94.0 179.289006588 0.0528 
rollout151_frame_4.npy 122.0 94.0 179.289006588 0.0528 
rollout151_frame_5.npy 122.0 94.0 179.289006588 0.0528 
rollout165_frame_0.npy 108 90 60.6765975396 0.0428 
rollout165_frame_1.npy 108 90 60.6765975396 0.0428 
rollout165_frame_2.npy 108 90 60.6765975396 0.0428 
rollout165_frame_3.npy 108.0 90.0 60.6765975396 0.0428 
rollout165_frame_4.npy 108.0 90.0 60.6765975396 0.0428 
rollout165_frame_5.npy 108.0 90.0 60.6765975396 0.0428 
rollout142_frame_0.npy 96 116 76.3520454911 0.0495 
rollout142_frame_1.npy 96 116 76.3520454911 0.0495 
rollout142_frame_2.npy 96 116 76.3520454911 0.0495 
rollout142_frame_3.npy 96.0 116.0 76.3520454911 0.0495 
rollout142_frame_4.npy 96.0 116.0 76.3520454911 0.0495 
rollout142_frame_5.npy 96.0 116.0 76.3520454911 0.0495 
rollout39_frame_0.npy 95 102 33.0916308537 0.0175 
rollout39_frame_1.npy 95 102 33.0916308537 0.0175 
rollout39_frame_2.npy 95 102 33.0916308537 0.0175 
rollout39_frame_3.npy 95.0 102.0 33.0916308537 0.0175 
rollout39_frame_4.npy 95.0 102.0 33.0916308537 0.0175 
rollout39_frame_5.npy 95.0 102.0 33.0916308537 0.0175 
rollout141_frame_0.npy 76 134 69.0633089476 0.0456 
rollout141_frame_1.npy 76 134 69.0633089476 0.0456 
rollout141_frame_2.npy 76 134 69.0633089476 0.0456 
rollout141_frame_3.npy 76.0 134.0 69.0633089476 0.0456 
rollout141_frame_4.npy 76.0 134.0 69.0633089476 0.0456 
rollout141_frame_5.npy 76.0 134.0 69.0633089476 0.0456 
rollout191_frame_0.npy 106 95 34.7651594355 0.0244 
rollout191_frame_1.npy 106 95 34.7651594355 0.0244 
rollout191_frame_2.npy 106 95 34.7651594355 0.0244 
rollout191_frame_3.npy 106.0 95.0 34.7651594355 0.0244 
rollout191_frame_4.npy 106.0 95.0 34.7651594355 0.0244 
rollout191_frame_5.npy 106.0 95.0 34.7651594355 0.0244 
rollout89_frame_0.npy 102 91 148.772899373 0.0144 
rollout89_frame_1.npy 102 91 148.772899373 0.0144 
rollout89_frame_2.npy 102 91 148.772899373 0.0144 
rollout89_frame_3.npy 102.0 91.0 148.772899373 0.0144 
rollout89_frame_4.npy 102.0 91.0 148.772899373 0.0144 
rollout89_frame_5.npy 102.0 91.0 148.772899373 0.0144 
rollout120_frame_0.npy 66 91 160.31748861 0.0133 
rollout120_frame_1.npy 66 91 160.31748861 0.0133 
rollout120_frame_2.npy 66 91 160.31748861 0.0133 
rollout120_frame_3.npy 66.0 91.0 160.31748861 0.0133 
rollout120_frame_4.npy 66.0 91.0 160.31748861 0.0133 
rollout120_frame_5.npy 66.0 91.0 160.31748861 0.0133 
rollout93_frame_0.npy 86 96 39.8683379938 0.0169 
rollout93_frame_1.npy 86 96 39.8683379938 0.0169 
rollout93_frame_2.npy 86 96 39.8683379938 0.0169 
rollout93_frame_3.npy 86.0 96.0 39.8683379938 0.0169 
rollout93_frame_4.npy 86.0 96.0 39.8683379938 0.0169 
rollout93_frame_5.npy 86.0 96.0 39.8683379938 0.0169 
rollout184_frame_0.npy 67 103 93.9660722382 0.0219 
rollout184_frame_1.npy 67 103 93.9660722382 0.0219 
rollout184_frame_2.npy 67 103 93.9660722382 0.0219 
rollout184_frame_3.npy 67.0 103.0 93.9660722382 0.0219 
rollout184_frame_4.npy 67.0 103.0 93.9660722382 0.0219 
rollout184_frame_5.npy 67.0 103.0 93.9660722382 0.0219 
rollout62_frame_0.npy 85 104 86.4351811468 0.0405 
rollout62_frame_1.npy 85 104 86.4351811468 0.0405 
rollout62_frame_2.npy 85 104 86.4351811468 0.0405 
rollout62_frame_3.npy 85.0 104.0 86.4351811468 0.0405 
rollout62_frame_4.npy 85.0 104.0 86.4351811468 0.0405 
rollout62_frame_5.npy 85.0 104.0 86.4351811468 0.0405 
rollout104_frame_0.npy 83 80 158.544339096 0.015 
rollout104_frame_1.npy 83 80 158.544339096 0.015 
rollout104_frame_2.npy 83 80 158.544339096 0.015 
rollout104_frame_3.npy 83.0 80.0 158.544339096 0.015 
rollout104_frame_4.npy 83.0 80.0 158.544339096 0.015 
rollout104_frame_5.npy 83.0 80.0 158.544339096 0.015 
rollout45_frame_0.npy 95 108 103.172084454 0.0181 
rollout45_frame_1.npy 95 108 103.172084454 0.0181 
rollout45_frame_2.npy 95 108 103.172084454 0.0181 
rollout45_frame_3.npy 95.0 108.0 103.172084454 0.0181 
rollout45_frame_4.npy 95.0 108.0 103.172084454 0.0181 
rollout45_frame_5.npy 95.0 108.0 103.172084454 0.0181 
rollout136_frame_0.npy 105 100 144.248552108 0.0539 
rollout136_frame_1.npy 105 100 144.248552108 0.0539 
rollout136_frame_2.npy 105 100 144.248552108 0.0539 
rollout136_frame_3.npy 105.0 100.0 144.248552108 0.0539 
rollout136_frame_4.npy 105.0 100.0 144.248552108 0.0539 
rollout136_frame_5.npy 105.0 100.0 144.248552108 0.0539 
rollout4_frame_0.npy 68 114 88.1437941067 0.0585 
rollout4_frame_1.npy 68 114 88.1437941067 0.0585 
rollout4_frame_2.npy 68 114 88.1437941067 0.0585 
rollout4_frame_3.npy 68.0 114.0 88.1437941067 0.0585 
rollout4_frame_4.npy 68.0 114.0 88.1437941067 0.0585 
rollout4_frame_5.npy 68.0 114.0 88.1437941067 0.0585 
rollout121_frame_0.npy 75 76 119.592054968 0.0233 
rollout121_frame_1.npy 75 76 119.592054968 0.0233 
rollout121_frame_2.npy 75 76 119.592054968 0.0233 
rollout121_frame_3.npy 75.0 76.0 119.592054968 0.0233 
rollout121_frame_4.npy 75.0 76.0 119.592054968 0.0233 
rollout121_frame_5.npy 75.0 76.0 119.592054968 0.0233 
rollout43_frame_0.npy 98 100 167.357692952 0.0184 
rollout43_frame_1.npy 98 100 167.357692952 0.0184 
rollout43_frame_2.npy 98 100 167.357692952 0.0184 
rollout43_frame_3.npy 98.0 100.0 167.357692952 0.0184 
rollout43_frame_4.npy 98.0 100.0 167.357692952 0.0184 
rollout43_frame_5.npy 98.0 100.0 167.357692952 0.0184 
rollout106_frame_0.npy 80 105 171.407544119 0.0271 
rollout106_frame_1.npy 80 105 171.407544119 0.0271 
rollout106_frame_2.npy 80 105 171.407544119 0.0271 
rollout106_frame_3.npy 80.0 105.0 171.407544119 0.0271 
rollout106_frame_4.npy 80.0 105.0 171.407544119 0.0271 
rollout106_frame_5.npy 80.0 105.0 171.407544119 0.0271 
rollout154_frame_0.npy 74 105 167.262112219 0.0129 
rollout154_frame_1.npy 74 105 167.262112219 0.0129 
rollout154_frame_2.npy 74 105 167.262112219 0.0129 
rollout154_frame_3.npy 74.0 105.0 167.262112219 0.0129 
rollout154_frame_4.npy 74.0 105.0 167.262112219 0.0129 
rollout154_frame_5.npy 74.0 105.0 167.262112219 0.0129 
rollout61_frame_0.npy 85 116 131.545586991 0.0302 
rollout61_frame_1.npy 85 116 131.545586991 0.0302 
rollout61_frame_2.npy 85 116 131.545586991 0.0302 
rollout61_frame_3.npy 85.0 116.0 131.545586991 0.0302 
rollout61_frame_4.npy 85.0 116.0 131.545586991 0.0302 
rollout61_frame_5.npy 85.0 116.0 131.545586991 0.0302 
rollout145_frame_0.npy 96 76 91.2119960847 0.0513 
rollout145_frame_1.npy 96 76 91.2119960847 0.0513 
rollout145_frame_2.npy 96 76 91.2119960847 0.0513 
rollout145_frame_3.npy 96.0 76.0 91.2119960847 0.0513 
rollout145_frame_4.npy 96.0 76.0 91.2119960847 0.0513 
rollout145_frame_5.npy 96.0 76.0 91.2119960847 0.0513 
rollout27_frame_0.npy 103 81 112.007020305 0.015 
rollout27_frame_1.npy 103 81 112.007020305 0.015 
rollout27_frame_2.npy 103 81 112.007020305 0.015 
rollout27_frame_3.npy 103.0 81.0 112.007020305 0.015 
rollout27_frame_4.npy 103.0 81.0 112.007020305 0.015 
rollout27_frame_5.npy 103.0 81.0 112.007020305 0.015 
rollout81_frame_0.npy 108 102 99.5639464 0.0181 
rollout81_frame_1.npy 108 102 99.5639464 0.0181 
rollout81_frame_2.npy 108 102 99.5639464 0.0181 
rollout81_frame_3.npy 108.0 102.0 99.5639464 0.0181 
rollout81_frame_4.npy 108.0 102.0 99.5639464 0.0181 
rollout81_frame_5.npy 108.0 102.0 99.5639464 0.0181 
rollout54_frame_0.npy 92 98 175.079762364 0.0642 
rollout54_frame_1.npy 92 98 175.079762364 0.0642 
rollout54_frame_2.npy 92 98 175.079762364 0.0642 
rollout54_frame_3.npy 92.0 98.0 175.079762364 0.0642 
rollout54_frame_4.npy 92.0 98.0 175.079762364 0.0642 
rollout54_frame_5.npy 92.0 98.0 175.079762364 0.0642 
rollout171_frame_0.npy 72 102 150.384210102 0.017 
rollout171_frame_1.npy 72 102 150.384210102 0.017 
rollout171_frame_2.npy 72 102 150.384210102 0.017 
rollout171_frame_3.npy 72.0 102.0 150.384210102 0.017 
rollout171_frame_4.npy 72.0 102.0 150.384210102 0.017 
rollout171_frame_5.npy 72.0 102.0 150.384210102 0.017 
rollout174_frame_0.npy 118 112 164.465919181 0.0447 
rollout174_frame_1.npy 118 112 164.465919181 0.0447 
rollout174_frame_2.npy 118 112 164.465919181 0.0447 
rollout174_frame_3.npy 118.0 112.0 164.465919181 0.0447 
rollout174_frame_4.npy 118.0 112.0 164.465919181 0.0447 
rollout174_frame_5.npy 118.0 112.0 164.465919181 0.0447 
rollout123_frame_0.npy 77 69 105.226673432 0.0283 
rollout123_frame_1.npy 77 69 105.226673432 0.0283 
rollout123_frame_2.npy 77 69 105.226673432 0.0283 
rollout123_frame_3.npy 77.0 69.0 105.226673432 0.0283 
rollout123_frame_4.npy 77.0 69.0 105.226673432 0.0283 
rollout123_frame_5.npy 77.0 69.0 105.226673432 0.0283 
rollout177_frame_0.npy 113 84 148.310825874 0.0259 
rollout177_frame_1.npy 113 84 148.310825874 0.0259 
rollout177_frame_2.npy 113 84 148.310825874 0.0259 
rollout177_frame_3.npy 113.0 84.0 148.310825874 0.0259 
rollout177_frame_4.npy 113.0 84.0 148.310825874 0.0259 
rollout177_frame_5.npy 113.0 84.0 148.310825874 0.0259 
rollout46_frame_0.npy 98 100 30.1604442793 0.023 
rollout46_frame_1.npy 98 100 30.1604442793 0.023 
rollout46_frame_2.npy 98 100 30.1604442793 0.023 
rollout46_frame_3.npy 98.0 100.0 30.1604442793 0.023 
rollout46_frame_4.npy 98.0 100.0 30.1604442793 0.023 
rollout46_frame_5.npy 98.0 100.0 30.1604442793 0.023 
rollout173_frame_0.npy 111 119 115.057380294 0.0454 
rollout173_frame_1.npy 111 119 115.057380294 0.0454 
rollout173_frame_2.npy 111 119 115.057380294 0.0454 
rollout173_frame_3.npy 111.0 119.0 115.057380294 0.0454 
rollout173_frame_4.npy 111.0 119.0 115.057380294 0.0454 
rollout173_frame_5.npy 111.0 119.0 115.057380294 0.0454 
rollout34_frame_0.npy 103 113 149.732583937 0.0181 
rollout34_frame_1.npy 103 113 149.732583937 0.0181 
rollout34_frame_2.npy 103 113 149.732583937 0.0181 
rollout34_frame_3.npy 103.0 113.0 149.732583937 0.0181 
rollout34_frame_4.npy 103.0 113.0 149.732583937 0.0181 
rollout34_frame_5.npy 103.0 113.0 149.732583937 0.0181 
rollout140_frame_0.npy 127 108 155.305546202 0.0476 
rollout140_frame_1.npy 127 108 155.305546202 0.0476 
rollout140_frame_2.npy 127 108 155.305546202 0.0476 
rollout140_frame_3.npy 127.0 108.0 155.305546202 0.0476 
rollout140_frame_4.npy 127.0 108.0 155.305546202 0.0476 
rollout140_frame_5.npy 127.0 108.0 155.305546202 0.0476 
rollout38_frame_0.npy 87 112 54.9733661907 0.0196 
rollout38_frame_1.npy 87 112 54.9733661907 0.0196 
rollout38_frame_2.npy 87 112 54.9733661907 0.0196 
rollout38_frame_3.npy 87.0 112.0 54.9733661907 0.0196 
rollout38_frame_4.npy 87.0 112.0 54.9733661907 0.0196 
rollout38_frame_5.npy 87.0 112.0 54.9733661907 0.0196 
rollout131_frame_0.npy 137 109 155.304361757 0.0263 
rollout131_frame_1.npy 137 109 155.304361757 0.0263 
rollout131_frame_2.npy 137 109 155.304361757 0.0263 
rollout131_frame_3.npy 137.0 109.0 155.304361757 0.0263 
rollout131_frame_4.npy 137.0 109.0 155.304361757 0.0263 
rollout131_frame_5.npy 137.0 109.0 155.304361757 0.0263 
rollout25_frame_0.npy 97 103 162.70551536 0.0171 
rollout25_frame_1.npy 97 103 162.70551536 0.0171 
rollout25_frame_2.npy 97 103 162.70551536 0.0171 
rollout25_frame_3.npy 97.0 103.0 162.70551536 0.0171 
rollout25_frame_4.npy 97.0 103.0 162.70551536 0.0171 
rollout25_frame_5.npy 97.0 103.0 162.70551536 0.0171 
rollout90_frame_0.npy 94 100 119.136973211 0.0181 
rollout90_frame_1.npy 94 100 119.136973211 0.0181 
rollout90_frame_2.npy 94 100 119.136973211 0.0181 
rollout90_frame_3.npy 94.0 100.0 119.136973211 0.0181 
rollout90_frame_4.npy 94.0 100.0 119.136973211 0.0181 
rollout90_frame_5.npy 94.0 100.0 119.136973211 0.0181 
rollout167_frame_0.npy 101 92 10.4404105994 0.0495 
rollout167_frame_1.npy 101 92 10.4404105994 0.0495 
rollout167_frame_2.npy 101 92 10.4404105994 0.0495 
rollout167_frame_3.npy 101.0 92.0 10.4404105994 0.0495 
rollout167_frame_4.npy 101.0 92.0 10.4404105994 0.0495 
rollout167_frame_5.npy 101.0 92.0 10.4404105994 0.0495 
rollout91_frame_0.npy 96 101 121.700562833 0.0255 
rollout91_frame_1.npy 96 101 121.700562833 0.0255 
rollout91_frame_2.npy 96 101 121.700562833 0.0255 
rollout91_frame_3.npy 96.0 101.0 121.700562833 0.0255 
rollout91_frame_4.npy 96.0 101.0 121.700562833 0.0255 
rollout91_frame_5.npy 96.0 101.0 121.700562833 0.0255 
rollout17_frame_0.npy 69 95 59.0736960285 0.0449 
rollout17_frame_1.npy 69 95 59.0736960285 0.0449 
rollout17_frame_2.npy 69 95 59.0736960285 0.0449 
rollout17_frame_3.npy 69.0 95.0 59.0736960285 0.0449 
rollout17_frame_4.npy 69.0 95.0 59.0736960285 0.0449 
rollout17_frame_5.npy 69.0 95.0 59.0736960285 0.0449 
rollout9_frame_0.npy 91 113 161.126321718 0.0447 
rollout9_frame_1.npy 91 113 161.126321718 0.0447 
rollout9_frame_2.npy 91 113 161.126321718 0.0447 
rollout9_frame_3.npy 91.0 113.0 161.126321718 0.0447 
rollout9_frame_4.npy 91.0 113.0 161.126321718 0.0447 
rollout9_frame_5.npy 91.0 113.0 161.126321718 0.0447 
rollout63_frame_0.npy 98 100 136.478881598 0.0351 
rollout63_frame_1.npy 98 100 136.478881598 0.0351 
rollout63_frame_2.npy 98 100 136.478881598 0.0351 
rollout63_frame_3.npy 98.0 100.0 136.478881598 0.0351 
rollout63_frame_4.npy 98.0 100.0 136.478881598 0.0351 
rollout63_frame_5.npy 98.0 100.0 136.478881598 0.0351 
rollout111_frame_0.npy 99 123 79.937161044 0.0145 
rollout111_frame_1.npy 99 123 79.937161044 0.0145 
rollout111_frame_2.npy 99 123 79.937161044 0.0145 
rollout111_frame_3.npy 99.0 123.0 79.937161044 0.0145 
rollout111_frame_4.npy 99.0 123.0 79.937161044 0.0145 
rollout111_frame_5.npy 99.0 123.0 79.937161044 0.0145 
rollout10_frame_0.npy 112 98 105.432732479 0.0408 
rollout10_frame_1.npy 112 98 105.432732479 0.0408 
rollout10_frame_2.npy 112 98 105.432732479 0.0408 
rollout10_frame_3.npy 112.0 98.0 105.432732479 0.0408 
rollout10_frame_4.npy 112.0 98.0 105.432732479 0.0408 
rollout10_frame_5.npy 112.0 98.0 105.432732479 0.0408 
